Primitive roots of 9811:
3
7
10
12
18
22
26
34
35
37
40
41
50
51
58
59
67
75
77
86
87
88
90
91
93
95
98
104
106
110
112
114
127
129
130
135
136
137
138
140
147
148
157
159
160
164
165
171
178
192
195
198
200
204
207
209
210
211
217
222
232
234
236
237
242
246
247
251
252
253
266
271
286
288
293
297
300
302
305
307
310
321
322
329
334
338
344
348
349
351
354
360
362
363
364
365
366
372
376
378
379
380
382
386
388
391
392
394
398
401
415
416
429
431
435
438
440
446
448
456
458
459
460
466
470
487
507
508
509
516
520
523
526
540
541
543
544
546
548
549
551
552
557
558
561
565
568
575
578
579
582
587
588
592
595
607
618
619
623
628
629
647
648
656
657
659
660
667
669
671
673
675
678
681
682
684
687
697
699
701
705
706
712
714
718
719
733
743
745
763
768
777
780
783
786
789
790
793
795
797
800
803
806
807
808
809
816
825
828
831
834
836
838
844
846
850
852
853
854
855
857
861
866
872
875
878
881
886
887
888
890
893
894
895
898
913
922
925
927
933
936
939
942
944
949
953
957
967
968
972
977
984
986
988
989
991
998
1003
1004
1007
1008
1012
1013
1015
1017
1020
1025
1028
1033
1035
1038
1045
1049
1050
1054
1055
1057
1059
1061
1065
1070
1071
1072
1073
1074
1077
1079
1081
1083
1084
1085
1090
1091
1094
1097
1109
1110
1117
1126
1127
1131
1133
1139
1141
1142
1143
1144
1147
1149
1152
1153
1154
1161
1162
1163
1167
1169
1172
1179
1181
1186
1189
1195
1196
1200
1202
1205
1208
1212
1215
1217
1219
1220
1222
1226
1230
1232
1233
1239
1240
1241
1243
1250
1251
1269
1271
1288
1291
1292
1299
1303
1309
1311
1316
1317
1321
1322
1323
1330
1335
1336
1337
1341
1348
1349
1352
1354
1355
1367
1373
1376
1383
1393
1396
1397
1404
1405
1406
1407
1408
1411
1416
1419
1433
1434
1441
1442
1446
1448
1450
1452
1454
1460
1462
1464
1469
1473
1475
1485
1489
1492
1495
1500
1502
1504
1505
1507
1512
1514
1515
1516
1520
1522
1528
1529
1530
1535
1539
1542
1544
1546
1547
1550
1552
1553
1557
1558
1559
1568
1575
1581
1582
1583
1589
1591
1592
1602
1604
1608
1610
1611
1617
1621
1630
1633
1635
1649
1654
1655
1660
1665
1666
1669
1670
1675
1682
1685
1691
1696
1697
1707
1711
1713
1715
1716
1721
1724
1733
1738
1740
1747
1749
1751
1755
1758
1760
1763
1766
1769
1770
1778
1779
1784
1787
1792
1798
1802
1806
1813
1815
1829
1832
1833
1834
1836
1838
1839
1840
1845
1848
1855
1863
1864
1881
1883
1899
1900
1903
1907
1910
1917
1918
1919
1925
1929
1933
1937
1938
1939
1942
1943
1946
1948
1949
1956
1958
1959
1961
1962
1966
1969
1970
1974
1985
1986
1990
1992
1995
1998
2009
2010
2011
2028
2031
2032
2036
2037
2047
2053
2054
2058
2060
2064
2067
2071
2073
2075
2077
2080
2082
2086
2089
2094
2104
2105
2109
2113
2117
2129
2137
2141
2145
2150
2151
2153
2155
2169
2172
2173
2176
2177
2187
2191
2192
2196
2203
2204
2206
2207
2208
2210
2212
2213
2214
2217
2219
2223
2226
2227
2228
2233
2238
2240
2242
2244
2246
2250
2258
2259
2260
2264
2271
2272
2275
2277
2299
2310
2314
2316
2319
2321
2323
2325
2327
2328
2335
2337
2341
2342
2347
2348
2352
2354
2361
2363
2368
2380
2382
2387
2395
2397
2403
2405
2407
2411
2414
2415
2417
2422
2425
2435
2439
2441
2442
2450
2472
2476
2477
2494
2505
2506
2507
2512
2517
2526
2527
2533
2537
2540
2544
2546
2560
2575
2580
2588
2590
2591
2592
2610
2614
2617
2620
2624
2627
2629
2636
2639
2640
2647
2650
2652
2655
2657
2665
2666
2667
2668
2669
2676
2681
2684
2686
2690
2691
2692
2697
2700
2706
2707
2709
2711
2715
2717
2718
2719
2722
2723
2724
2727
2728
2730
2732
2740
2741
2743
2745
2748
2754
2757
2761
2765
2769
2780
2782
2783
2787
2790
2796
2801
2804
2821
2824
2834
2841
2842
2850
2856
2861
2865
2867
2870
2872
2874
2876
2877
2881
2883
2886
2890
2891
2895
2898
2906
2911
2923
2926
2933
2934
2935
2936
2937
2940
2941
2943
2945
2949
2954
2955
2962
2966
2971
2972
2979
2981
2982
2985
2987
2988
2996
2997
3006
3011
3015
3019
3022
3033
3038
3052
3054
3057
3059
3072
3074
3082
3085
3086
3087
3091
3107
3108
3110
3117
3119
3120
3121
3123
3127
3130
3133
3138
3139
3144
3145
3153
3156
3158
3159
3160
3167
3168
3169
3170
3172
3173
3180
3186
3187
3188
3190
3198
3199
3200
3202
3212
3217
3224
3228
3232
3233
3236
3239
3241
3250
3261
3264
3267
3268
3272
3274
3275
3277
3283
3285
3286
3297
3300
3311
3312
3319
3321
3322
3324
3326
3329
3334
3336
3339
3342
3344
3345
3352
3355
3360
3363
3366
3374
3376
3377
3384
3387
3389
3396
3398
3402
3408
3410
3411
3412
3413
3415
3418
3420
3433
3434
3435
3438
3439
3444
3451
3458
3460
3465
3471
3472
3473
3475
3477
3485
3488
3491
3493
3499
3500
3514
3521
3523
3524
3525
3527
3533
3534
3542
3544
3545
3547
3548
3550
3552
3560
3569
3571
3573
3577
3578
3580
3582
3594
3595
3609
3610
3618
3629
3637
3638
3641
3647
3653
3662
3663
3667
3674
3685
3688
3698
3702
3703
3704
3708
3712
3714
3724
3725
3732
3734
3735
3737
3742
3743
3745
3746
3756
3767
3768
3770
3773
3776
3778
3781
3789
3792
3794
3796
3797
3799
3802
3804
3810
3812
3817
3819
3821
3828
3829
3830
3833
3835
3837
3851
3853
3861
3862
3867
3868
3869
3870
3879
3882
3887
3888
3894
3900
3901
3903
3913
3921
3925
3929
3931
3934
3936
3937
3939
3943
3944
3945
3946
3947
3950
3952
3954
3958
3959
3978
3983
3986
3989
3991
3992
3993
3999
4002
4015
4016
4021
4024
4028
4029
4030
4031
4032
4038
4039
4045
4048
4050
4052
4054
4057
4059
4060
4063
4067
4068
4073
4077
4078
4080
4086
4088
4095
4097
4099
4110
4111
4112
4114
4115
4126
4127
4129
4130
4132
4136
4140
4141
4148
4152
4153
4158
4161
4168
4169
4171
4180
4185
4186
4189
4190
4196
4200
4202
4207
4209
4214
4216
4220
4222
4228
4231
4235
4236
4237
4238
4242
4244
4245
4247
4250
4251
4254
4256
4270
4271
4273
4278
4280
4281
4284
4288
4289
4292
4296
4297
4298
4303
4308
4311
4315
4316
4322
4324
4325
4329
4331
4332
4334
4335
4336
4339
4340
4342
4347
4351
4355
4357
4364
4369
4373
4376
4377
4378
4381
4383
4387
4388
4389
4393
4404
4410
4411
4417
4418
4429
4430
4431
4440
4442
4443
4449
4458
4459
4462
4465
4468
4473
4477
4478
4479
4481
4490
4493
4497
4501
4502
4507
4509
4514
4524
4531
4532
4533
4534
4538
4539
4553
4555
4556
4557
4558
4562
4563
4564
4565
4568
4569
4570
4571
4572
4574
4576
4577
4578
4582
4583
4588
4591
4594
4596
4602
4608
4616
4618
4623
4625
4629
4630
4634
4635
4644
4648
4651
4652
4661
4662
4668
4676
4688
4691
4705
4710
4716
4718
4719
4723
4731
4737
4741
4744
4745
4752
4753
4754
4756
4757
4759
4770
4777
4778
4779
4780
4782
4784
4787
4797
4799
4800
4802
4808
4823
4826
4827
4832
4837
4841
4842
4848
4857
4858
4867
4868
4872
4874
4876
4880
4885
4887
4902
4908
4910
4911
4912
4920
4928
4929
4932
4933
4934
4940
4941
4946
4950
4955
4956
4958
4960
4961
4964
4966
4972
4977
4983
4986
4989
4994
4996
4997
5001
5002
5004
5005
5006
5015
5017
5020
5021
5023
5030
5037
5042
5045
5047
5050
5060
5075
5076
5084
5085
5089
5102
5103
5107
5110
5114
5118
5119
5122
5125
5127
5128
5130
5136
5137
5141
5157
5161
5164
5165
5166
5168
5173
5174
5178
5179
5187
5191
5194
5206
5210
5211
5212
5218
5226
5236
5238
5244
5261
5264
5266
5269
5271
5281
5283
5284
5286
5290
5292
5301
5306
5308
5311
5313
5320
5322
5326
5327
5331
5335
5340
5344
5345
5347
5350
5355
5356
5357
5359
5364
5373
5374
5377
5378
5383
5385
5387
5391
5392
5395
5397
5398
5399
5402
5403
5405
5408
5416
5419
5420
5426
5427
5429
5437
5443
5457
5458
5459
5467
5470
5473
5483
5484
5491
5492
5494
5504
5505
5509
5511
5516
5518
5521
5532
5542
5553
5554
5558
5559
5568
5577
5582
5584
5585
5586
5588
5590
5593
5594
5598
5601
5603
5606
5614
5620
5623
5624
5628
5630
5632
5633
5634
5637
5644
5651
5657
5664
5669
5674
5676
5677
5683
5688
5690
5691
5695
5698
5702
5703
5706
5717
5718
5724
5727
5732
5739
5741
5742
5746
5747
5749
5756
5758
5760
5764
5765
5770
5784
5789
5791
5792
5793
5800
5801
5802
5804
5815
5816
5821
5824
5827
5830
5834
5839
5840
5841
5850
5854
5871
5876
5878
5879
5887
5893
5894
5895
5899
5905
5906
5915
5918
5919
5925
5927
5935
5937
5938
5940
5952
5953
5956
5959
5965
5966
5968
5969
5973
5975
5977
5986
5989
5997
5998
6000
6005
6006
6010
6011
6013
6016
6020
6021
6025
6028
6031
6039
6040
6042
6045
6046
6048
6049
6050
6051
6063
6064
6071
6078
6080
6085
6088
6094
6098
6100
6101
6106
6115
6116
6121
6124
6133
6134
6135
6138
6139
6140
6142
6143
6145
6147
6152
6153
6157
6161
6163
6166
6168
6176
6183
6185
6186
6188
6197
6199
6200
6204
6206
6208
6210
6212
6215
6222
6227
6228
6232
6236
6237
6243
6250
6253
6255
6256
6270
6271
6272
6279
6285
6291
6294
6295
6300
6303
6304
6305
6307
6309
6310
6313
6314
6317
6324
6330
6331
6335
6341
6342
6348
6356
6358
6363
6366
6369
6370
6375
6379
6381
6385
6389
6402
6405
6407
6414
6416
6417
6419
6425
6430
6432
6439
6440
6441
6444
6447
6452
6457
6458
6468
6471
6473
6479
6481
6483
6484
6488
6491
6495
6497
6498
6501
6503
6509
6510
6513
6530
6532
6533
6538
6541
6542
6545
6546
6551
6556
6558
6567
6569
6577
6582
6585
6589
6595
6596
6602
6604
6607
6610
6616
6620
6626
6627
6628
6629
6632
6637
6645
6646
6647
6649
6656
6659
6660
6661
6675
6676
6680
6683
6693
6695
6700
6706
6708
6709
6711
6717
6718
6719
6723
6727
6728
6733
6734
6735
6741
6742
6744
6749
6751
6753
6755
6761
6764
6767
6771
6772
6781
6783
6784
6786
6790
6791
6794
6797
6801
6806
6807
6808
6811
6812
6818
6821
6827
6828
6833
6835
6841
6842
6844
6852
6858
6860
6861
6864
6865
6872
6873
6882
6883
6886
6887
6890
6891
6894
6899
6903
6906
6907
6909
6910
6911
6915
6919
6926
6927
6929
6931
6932
6933
6938
6940
6943
6945
6949
6958
6960
6966
6967
6973
6979
6988
6994
6995
6997
6999
7001
7002
7003
7008
7012
7014
7016
7017
7018
7019
7020
7022
7025
7027
7032
7034
7053
7059
7069
7076
7077
7078
7080
7098
7101
7103
7110
7112
7113
7115
7116
7122
7124
7129
7133
7136
7137
7139
7148
7151
7157
7166
7167
7168
7177
7178
7189
7192
7198
7206
7208
7210
7213
7214
7224
7227
7228
7229
7235
7243
7247
7254
7256
7260
7269
7270
7273
7281
7296
7300
7301
7308
7310
7311
7313
7314
7316
7318
7328
7329
7331
7333
7336
7338
7341
7342
7344
7346
7347
7351
7352
7354
7355
7357
7359
7360
7367
7374
7375
7380
7381
7387
7392
7398
7401
7410
7411
7419
7422
7426
7433
7434
7435
7439
7446
7449
7452
7456
7462
7466
7467
7473
7477
7480
7487
7494
7496
7502
7503
7505
7510
7514
7517
7520
7522
7523
7524
7526
7527
7529
7530
7532
7538
7542
7544
7545
7554
7557
7559
7560
7572
7580
7591
7593
7596
7600
7602
7606
7609
7610
7612
7626
7628
7629
7631
7640
7641
7643
7644
7649
7653
7657
7662
7663
7665
7667
7668
7669
7671
7672
7681
7683
7684
7689
7690
7692
7693
7700
7701
7703
7704
7711
7716
7718
7721
7727
7732
7737
7741
7742
7743
7746
7752
7754
7755
7756
7761
7767
7768
7771
7777
7781
7784
7785
7792
7796
7797
7799
7805
7810
7812
7815
7818
7822
7824
7829
7832
7833
7836
7838
7839
7843
7844
7848
7857
7861
7864
7866
7867
7875
7876
7877
7880
7896
7897
7906
7909
7910
7914
7915
7922
7923
7933
7938
7939
7942
7944
7945
7949
7954
7955
7959
7960
7961
7962
7968
7974
7980
7985
7990
7992
8002
8006
8014
8015
8018
8020
8021
8023
8025
8035
8038
8039
8049
8055
8061
8067
8075
8079
8081
8086
8089
8092
8097
8102
8103
8106
8107
8110
8111
8112
8113
8119
8123
8124
8128
8130
8131
8135
8138
8139
8140
8144
8148
8149
8150
8155
8161
8174
8175
8177
8179
8186
8188
8195
8205
8210
8211
8212
8216
8221
8225
8226
8227
8231
8232
8233
8240
8242
8245
8246
8256
8257
8268
8274
8285
8292
8294
8300
8313
8317
8320
8321
8328
8330
8334
8341
8343
8344
8345
8348
8354
8356
8362
8368
8373
8375
8376
8382
8383
8386
8394
8399
8401
8409
8410
8413
8417
8421
8426
8436
8441
8442
8443
8445
8447
8449
8450
8452
8454
8455
8458
8465
8466
8468
8477
8478
8485
8486
8491
8497
8499
8501
8504
8514
8515
8516
8521
8531
8538
8539
8541
8548
8553
8558
8564
8565
8573
8580
8586
8590
8597
8612
8614
8620
8621
8627
8634
8637
8638
8640
8647
8654
8655
8656
8661
8675
8676
8679
8681
8682
8686
8688
8689
8690
8691
8692
8695
8697
8698
8705
8706
8707
8713
8719
8723
8729
8731
8736
8748
8759
8765
8768
8770
8781
8790
8797
8806
8815
8816
8824
8830
8833
8842
8848
8856
8861
8866
8868
8871
8874
8876
8879
8887
8891
8892
8899
8904
8910
8926
8928
8931
8934
8935
8942
8949
8952
8960
8963
8968
8976
8978
8979
8981
8982
8984
8996
9000
9006
9007
9009
9010
9015
9020
9023
9029
9032
9035
9036
9038
9040
9042
9046
9047
9054
9055
9056
9059
9060
9061
9065
9067
9079
9080
9083
9085
9086
9091
9094
9100
9107
9108
9109
9115
9135
9137
9150
9153
9165
9167
9169
9170
9186
9195
9196
9197
9198
9200
9201
9202
9205
9207
9210
9213
9217
9218
9230
9235
9248
9256
9264
9266
9275
9279
9284
9290
9292
9294
9297
9300
9301
9305
9307
9308
9309
9312
9317
9318
9325
9327
9337
9340
9343
9347
9348
9350
9362
9364
9366
9372
9375
9377
9378
9384
9385
9386
9388
9391
9394
9402
9407
9408
9415
9418
9421
9427
9444
9455
9458
9469
9487
9491
9493
9497
9502
9517
9520
9522
9527
9528
9531
9532
9537
9538
9541
9551
9553
9557
9562
9576
9578
9580
9581
9582
9583
9587
9588
9592
9599
9603
9610
9614
9615
9617
9618
9621
9622
9623
9625
9630
9631
9634
9635
9637
9639
9642
9644
9656
9657
9660
9661
9667
9668
9677
9678
9685
9688
9693
9695
9700
9702
9706
9709
9710
9711
9712
9715
9729
9730
9731
9737
9740
9741
9742
9743
9746
9755
9756
9758
9762
9764
9767
9768
9775
9786
9787
9794
9797
9798
9802
9805
9806

